day 	 healths 	 deaths 	 latents 	 cured 	 pHome 	 pHospital
0	99996	0	4	0	0	0
1	99996	0	4	0	0	0
2	99991	0	9	0	0	0
3	99988	0	12	0	0	0
4	99984	0	16	0	0	0
5	99983	0	17	0	0	0
6	99981	0	19	0	0	0
7	99976	0	20	0	0	4
8	99971	0	25	1	0	3
9	99967	0	29	1	0	3
10	99964	0	27	2	0	7
11	99961	0	27	3	0	9
12	99958	0	26	4	0	12
13	99957	0	26	7	0	10
14	99955	0	26	7	0	12
15	99951	0	25	8	0	16
16	99947	0	24	8	0	21
17	99937	0	30	8	0	25
18	99933	0	31	11	0	25
19	99929	0	32	13	0	26
20	99924	0	34	16	0	26
21	99918	0	39	18	0	25
22	99915	0	40	19	0	26
23	99909	0	42	22	0	27
24	99905	0	42	27	0	26
25	99901	0	36	31	0	32
26	99894	1	39	35	0	31
27	99889	1	40	36	0	34
28	99878	1	46	39	0	36
29	99870	1	48	44	0	37
30	99863	1	52	48	0	36
31	99853	1	56	52	0	38
32	99848	1	57	57	0	37
33	99842	1	59	58	0	40
34	99834	1	60	61	0	44
35	99824	1	65	68	0	42
36	99819	1	59	77	0	44
37	99813	1	57	80	0	49
38	99800	2	63	83	0	52
39	99790	2	63	87	0	58
40	99782	2	66	94	0	56
41	99774	2	68	103	0	53
42	99762	2	72	108	0	56
43	99756	2	68	110	0	64
44	99752	2	67	118	0	61
45	99741	2	72	121	0	64
46	99731	2	69	123	0	75
47	99729	2	61	127	0	81
48	99718	2	64	135	0	81
49	99705	2	69	141	0	83
50	99701	2	61	148	0	88
51	99690	2	66	160	0	82
52	99682	2	70	170	0	76
53	99674	2	67	180	0	77
54	99663	2	68	184	0	83
55	99651	2	78	192	0	77
56	99640	2	78	201	0	79
57	99630	3	75	208	0	84
58	99620	4	81	218	0	77
59	99601	4	89	228	0	78
60	99591	4	91	234	0	80
61	99575	4	99	242	0	80
62	99562	4	101	250	0	83
63	99546	4	105	257	0	88
64	99530	5	110	261	0	94
65	99510	5	120	271	0	94
66	99495	5	125	280	0	95
67	99480	5	121	287	0	107
68	99459	6	132	300	0	103
69	99444	6	131	317	0	102
70	99434	7	128	323	0	108
71	99415	7	131	333	0	114
72	99395	7	135	352	0	111
73	99375	8	135	362	0	120
74	99355	8	140	374	0	123
75	99336	8	144	381	0	131
76	99313	8	146	396	0	137
77	99289	8	155	413	0	135
78	99274	8	160	424	0	134
79	99249	8	166	437	0	140
80	99222	8	173	448	0	149
81	99193	8	182	467	0	150
82	99170	8	185	481	0	156
83	99144	9	192	496	0	159
84	99107	9	206	513	0	165
85	99083	9	206	529	0	173
86	99051	10	223	548	0	168
87	99020	11	229	563	0	177
88	98987	12	235	583	0	183
89	98957	12	236	598	0	197
90	98917	12	253	617	0	201
91	98877	12	267	636	0	208
92	98837	12	270	654	0	227
93	98791	12	292	673	0	232
94	98753	12	298	694	0	243
95	98715	12	305	719	0	249
96	98684	13	303	742	0	258
97	98639	14	318	763	0	266
98	98602	14	315	793	0	276
99	98571	15	306	825	0	283
100	98571	15	306	825	0	283
参数取值如下：Param [cityPopulation=100000
 familySize=4
 companySize=100
 spreadRateFamily=0.02
 spreadRateCompany=0.01
 immuEffect=0.8
 immuRate=0.8
 latentPeriod=7
 healingRateHome=0.01
 deathRateHome=0.01
 healingRateHospital=0.1
 deathRateHospital=0.001
 hospitalSize=1000
 initPatients=[0
 100
 800
 900]]
625 cost 
100 天后 情况如下
死亡人数：15
自愈+治愈人数:825
现有病人数量:283
现有潜伏期人数:306
健康人数:98571