day 	 healths 	 deaths 	 latents 	 cured 	 pHome 	 pHospital
0	99991	0	9	0	0	0
1	99988	0	12	0	0	0
2	99985	0	15	0	0	0
3	99982	0	18	0	0	0
4	99972	0	28	0	0	0
5	99959	0	41	0	0	0
6	99948	0	52	0	0	0
7	99932	0	64	0	0	4
8	99918	0	73	1	0	8
9	99891	0	97	1	0	11
10	99865	0	120	1	0	14
11	99838	0	144	3	0	15
12	99791	0	181	3	0	25
13	99731	0	228	5	0	36
14	99673	0	275	7	0	45
15	99596	0	336	13	0	55
16	99501	0	417	20	0	62
17	99404	0	487	27	0	82
18	99291	0	574	35	0	100
19	99148	0	690	45	0	117
20	98956	0	835	53	0	156
21	98750	0	981	63	0	206
22	98504	0	1169	79	0	248
23	98261	0	1335	104	0	300
24	97966	0	1535	130	0	369
25	97583	1	1821	161	0	434
26	97174	1	2117	204	0	504
27	96723	1	2425	253	0	598
28	96182	1	2774	308	0	735
29	95610	2	3140	382	0	866
30	94984	2	3520	468	26	1000
31	94266	3	3995	557	179	1000
32	93463	8	4503	650	376	1000
33	92622	9	4961	763	645	1000
34	91719	16	5455	871	939	1000
35	90721	31	6002	991	1255	1000
36	89663	45	6519	1104	1669	1000
37	88570	58	7040	1227	2105	1000
38	87349	81	7635	1363	2572	1000
39	86268	112	7998	1494	3128	1000
40	85014	138	8449	1622	3777	1000
41	83730	173	8892	1765	4440	1000
42	82469	212	9250	1892	5177	1000
43	81185	256	9536	2035	5988	1000
44	79864	337	9799	2197	6803	1000
45	78545	406	10025	2368	7656	1000
46	77179	478	10170	2534	8639	1000
47	75932	573	10336	2720	9439	1000
48	74658	679	10356	2944	10363	1000
49	73376	784	10354	3166	11320	1000
50	72113	896	10356	3383	12252	1000
51	70901	1008	10284	3622	13185	1000
52	69618	1125	10246	3838	14173	1000
53	68322	1260	10223	4058	15137	1000
54	67083	1416	10096	4316	16089	1000
55	65856	1562	10076	4588	16918	1000
56	64600	1756	10058	4856	17730	1000
57	63394	1926	9982	5145	18553	1000
58	62193	2092	9920	5423	19372	1000
59	61054	2295	9847	5745	20059	1000
60	59861	2503	9757	6059	20820	1000
61	58698	2710	9624	6370	21598	1000
62	57585	2946	9498	6689	22282	1000
63	56500	3192	9356	7020	22932	1000
64	55463	3419	9137	7334	23647	1000
65	54407	3688	8987	7662	24256	1000
66	53280	3920	8913	8007	24880	1000
67	52269	4181	8785	8367	25398	1000
68	51273	4419	8588	8741	25979	1000
69	50208	4679	8490	9134	26489	1000
70	49233	4943	8352	9470	27002	1000
71	48168	5209	8332	9825	27466	1000
72	47216	5498	8247	10190	27849	1000
73	46272	5820	8135	10596	28177	1000
74	45301	6092	7979	10957	28671	1000
75	44385	6368	7884	11315	29048	1000
76	43508	6646	7765	11703	29378	1000
77	42560	6923	7648	12099	29770	1000
78	41682	7241	7551	12482	30044	1000
79	40799	7542	7369	12879	30411	1000
80	39965	7840	7251	13281	30663	1000
81	39107	8152	7165	13672	30904	1000
82	38286	8480	7015	14086	31133	1000
83	37443	8777	6942	14513	31325	1000
84	36673	9072	6835	14902	31518	1000
85	35829	9392	6731	15308	31740	1000
86	35029	9720	6653	15713	31885	1000
87	34232	10023	6567	16154	32024	1000
88	33482	10348	6483	16595	32092	1000
89	32794	10657	6313	17037	32199	1000
90	32144	10976	6142	17459	32279	1000
91	31496	11296	5947	17862	32399	1000
92	30848	11612	5825	18277	32438	1000
93	30199	11912	5630	18724	32535	1000
94	29584	12238	5445	19152	32581	1000
95	28957	12536	5275	19581	32651	1000
96	28327	12842	5155	20044	32632	1000
97	27753	13191	5041	20458	32557	1000
98	27127	13500	5017	20886	32470	1000
99	26590	13825	4906	21314	32365	1000
100	26590	13825	4906	21314	32365	1000
参数取值如下：Param [cityPopulation=100000
 familySize=4
 companySize=100
 spreadRateFamily=0.02
 spreadRateCompany=0.01
 immuEffect=0.8
 immuRate=0.0
 latentPeriod=7
 healingRateHome=0.01
 deathRateHome=0.01
 healingRateHospital=0.1
 deathRateHospital=0.001
 hospitalSize=1000
 initPatients=[0
 100
 800
 900]]
1041 cost 
100 天后 情况如下
死亡人数：13825
自愈+治愈人数:21314
现有病人数量:33365
现有潜伏期人数:4906
健康人数:26590
